8.033886490000000000e+08
9.744714800000000000e+07
9.670268570000000000e+08
1.119577000000000000e+06
1.967717800000000000e+07
8.044076530000000000e+08
1.485392030000000000e+08
1.485392030000000000e+08
1.485392030000000000e+08
1.485392030000000000e+08
1.889919540000000000e+08
9.744714800000000000e+07
8.036908700000000000e+07
7.955411840000000000e+08
5.861448300000000000e+07
8.763276280000000000e+08
1.280518070000000000e+08
9.149356900000000000e+07
1.330871920000000000e+08
3.751645700000000000e+07
1.311427470000000000e+08
9.771692000000000000e+06
9.744714800000000000e+07
3.751645700000000000e+07
8.902863000000000000e+06
5.284617000000000000e+06
1.006311000000000000e+06
9.560724900000000000e+08
1.251034600000000000e+08
3.751645700000000000e+07
3.932225000000000000e+07
9.744714800000000000e+07
8.020547420000000000e+08
8.020547420000000000e+08
6.658747800000000000e+07
1.058496730000000000e+08
9.427236280000000000e+08
8.989068000000000000e+07
4.908511900000000000e+07
1.735638470000000000e+08
7.918950400000000000e+07
1.579785320000000000e+08
5.573404400000000000e+08
3.932225000000000000e+07
8.763276280000000000e+08
1.479512300000000000e+08
1.441265050000000000e+08
7.876471920000000000e+08
1.282269090000000000e+08
8.318523500000000000e+08
9.744714800000000000e+07
8.052549190000000000e+08
5.284617000000000000e+06
8.902863000000000000e+06
6.052836880000000000e+08
1.136453100000000000e+07
9.288591490000000000e+08
1.540509590000000000e+08
2.735400100000000000e+07
6.116285950000000000e+08
1.485392030000000000e+08
1.485392030000000000e+08
8.044076530000000000e+08
1.485392030000000000e+08
1.485392030000000000e+08
1.485392030000000000e+08
1.441265050000000000e+08
9.744714800000000000e+07
1.136453100000000000e+07
8.033886490000000000e+08
6.934197200000000000e+07
1.123757580000000000e+08
8.020547420000000000e+08
1.330871920000000000e+08
6.085505260000000000e+08
8.052549190000000000e+08
1.251034600000000000e+08
1.251034600000000000e+08
1.251034600000000000e+08
6.517304900000000000e+07
5.565942400000000000e+08
1.042100000000000000e+06
6.208276880000000000e+08
1.405315000000000000e+06
7.049560100000000000e+07
7.049560100000000000e+07
7.049560100000000000e+07
1.940437500000000000e+07
8.052549190000000000e+08
1.136453100000000000e+07
9.615837180000000000e+08
9.615837180000000000e+08
1.136453100000000000e+07
1.291384210000000000e+08
1.539535830000000000e+08
1.485392030000000000e+08
7.381671200000000000e+07
1.473721270000000000e+08
9.427236280000000000e+08
1.136453100000000000e+07
7.876471920000000000e+08
5.284617000000000000e+06
8.235969100000000000e+07
1.405315000000000000e+06
1.405315000000000000e+06
1.404375000000000000e+06
1.405315000000000000e+06
1.405315000000000000e+06
1.405315000000000000e+06
1.405315000000000000e+06
1.405315000000000000e+06
1.311427470000000000e+08
1.308412810000000000e+08
1.308412810000000000e+08
1.308412810000000000e+08
1.006311000000000000e+06
7.900588250000000000e+08
7.900588250000000000e+08
7.958952500000000000e+07
1.889919540000000000e+08
1.136453100000000000e+07
1.441265050000000000e+08
7.829689200000000000e+07
1.291384210000000000e+08
2.239207500000000000e+07
1.311427470000000000e+08
4.522425000000000000e+07
8.031315200000000000e+07
1.251034600000000000e+08
3.800611000000000000e+07
4.762773200000000000e+07
8.761929700000000000e+07
9.427236280000000000e+08
1.362443860000000000e+08
5.531700500000000000e+07
8.033886490000000000e+08
6.934197200000000000e+07
4.353589200000000000e+07
8.325257400000000000e+08
9.285962120000000000e+08
8.080331090000000000e+08
1.311427470000000000e+08
8.290075040000000000e+08
5.325454600000000000e+07
6.934197200000000000e+07
8.290075040000000000e+08
8.098580170000000000e+08
1.251034600000000000e+08
1.485392030000000000e+08
1.485392030000000000e+08
1.485392030000000000e+08
1.485392030000000000e+08
5.563722740000000000e+08
9.670268570000000000e+08
9.670268570000000000e+08
1.311427470000000000e+08
1.136453100000000000e+07
9.744714800000000000e+07
8.033886490000000000e+08
6.934197200000000000e+07
3.081729000000000000e+07
3.081729000000000000e+07
1.121912000000000000e+06
8.036908700000000000e+07
1.311427470000000000e+08
3.176675100000000000e+07
8.129947400000000000e+07
8.033886490000000000e+08
1.759660700000000000e+07
9.670268570000000000e+08
1.793027990000000000e+08
5.764488700000000000e+07
1.348340140000000000e+08
1.463896220000000000e+08
4.209479300000000000e+07
5.284617000000000000e+06
1.291384210000000000e+08
3.751645700000000000e+07
8.023174380000000000e+08
6.934197200000000000e+07
7.958952500000000000e+07
1.599226730000000000e+08
1.478308300000000000e+08
1.757325900000000000e+07
1.251034600000000000e+08
3.932225000000000000e+07
3.751645700000000000e+07
6.116285950000000000e+08
8.033886490000000000e+08
7.313041100000000000e+07
9.288591490000000000e+08
3.277089000000000000e+06
1.204719900000000000e+07
8.763276280000000000e+08
1.441265050000000000e+08
8.033886490000000000e+08
5.284617000000000000e+06
7.380796800000000000e+07
4.762773200000000000e+07
6.658747800000000000e+07
3.000083500000000000e+07
1.136453100000000000e+07
1.042100000000000000e+06
5.345482300000000000e+07
4.339752000000000000e+07
8.677969890000000000e+08
8.033886490000000000e+08
1.373543900000000000e+08
4.919486000000000000e+06
6.252845000000000000e+06
9.397438290000000000e+08
1.917515700000000000e+07
3.856143000000000000e+06
6.208276880000000000e+08
7.945125090000000000e+08
8.033886490000000000e+08
8.031315200000000000e+07
8.036908700000000000e+07
9.327008750000000000e+08
8.763276280000000000e+08
3.000083500000000000e+07
6.069369950000000000e+08
1.964076200000000000e+07
1.251034600000000000e+08
3.751645700000000000e+07
1.095152590000000000e+08
8.155663900000000000e+07
1.251034600000000000e+08
5.573404400000000000e+08
1.579785320000000000e+08
4.908511900000000000e+07
1.735638470000000000e+08
7.918950400000000000e+07
8.989068000000000000e+07
1.025022000000000000e+06
1.251034600000000000e+08
